2026-02-16 16:05:58 - src.models.baseline - INFO - Training Logistic Regression baseline model...
2026-02-16 16:05:58 - src.models.baseline - INFO - Model trained successfully
2026-02-16 16:05:58 - src.models.baseline - INFO - Training accuracy: 0.8714
2026-02-16 16:05:58 - src.models.baseline - INFO - Evaluating baseline model...
2026-02-16 16:05:58 - src.models.baseline - INFO - Evaluation metrics:
2026-02-16 16:05:58 - src.models.baseline - INFO -   accuracy: 0.8714
2026-02-16 16:05:58 - src.models.baseline - INFO -   precision: 1.0000
2026-02-16 16:05:58 - src.models.baseline - INFO -   recall: 0.8560
2026-02-16 16:05:58 - src.models.baseline - INFO -   f1: 0.9224
2026-02-16 16:05:58 - src.models.baseline - INFO -   roc_auc: 0.9355
2026-02-16 16:05:58 - src.models.baseline - INFO - Evaluating baseline model...
2026-02-16 16:05:58 - src.models.baseline - INFO - Evaluation metrics:
2026-02-16 16:05:58 - src.models.baseline - INFO -   accuracy: 0.8000
2026-02-16 16:05:58 - src.models.baseline - INFO -   precision: 1.0000
2026-02-16 16:05:58 - src.models.baseline - INFO -   recall: 0.7778
2026-02-16 16:05:58 - src.models.baseline - INFO -   f1: 0.8750
2026-02-16 16:05:58 - src.models.baseline - INFO -   roc_auc: 0.9167
2026-02-16 16:05:58 - src.models.baseline - INFO - Evaluating baseline model...
2026-02-16 16:05:58 - src.models.baseline - INFO - Evaluation metrics:
2026-02-16 16:05:58 - src.models.baseline - INFO -   accuracy: 0.7250
2026-02-16 16:05:58 - src.models.baseline - INFO -   precision: 0.8788
2026-02-16 16:05:58 - src.models.baseline - INFO -   recall: 0.8056
2026-02-16 16:05:58 - src.models.baseline - INFO -   f1: 0.8406
2026-02-16 16:05:58 - src.models.baseline - INFO -   roc_auc: 0.5139
